0.011348,0.16248,0.0020306
0.011801,0.16354,0.0018875
0.012274,0.16628,0.0017826
0.012764,0.17226,0.0017255
0.013275,0.17577,0.0016502
0.013806,0.1754,0.0015401
0.014358,0.15847,0.0013481
0.014933,0.077306,0.00067676
0.01553,0.041429,0.00038061
0.016151,0.027152,0.00025906
0.016797,0.019072,0.00019754
0.017469,0.014358,0.0001563
0.018168,0.010476,0.00012418
0.018895,0.0081494,0.00010365
0.01965,0.0063674,8.5466e-005
0.020436,0.0050284,7.103e-005
0.021254,0.0039571,6.0263e-005
0.022104,0.0032063,5.1719e-005
0.022988,0.0024771,4.3129e-005
0.023908,0.0020694,3.8026e-005
0.024864,0.0016859,3.2952e-005
0.025859,0.0013569,3.838e-005
0.026893,0.0010692,1.7089e-005
0.027969,0.00086954,1.4555e-005
0.029087,0.00072239,1.2612e-005
0.030251,0.00059348,1.0975e-005
0.031461,0.00049538,9.7995e-006
0.032719,0.00042257,9.0905e-006
0.034028,0.00035081,8.2563e-006
0.035389,0.00029249,9.7209e-006
0.036805,0.00025241,6.1984e-006
0.038277,0.00020733,5.5016e-006
0.039808,0.00018,4.9052e-006
0.0414,0.00015507,4.437e-006
0.043056,0.00012958,3.923e-006
0.044779,0.00011424,3.5256e-006
0.04657,9.7041e-005,3.1172e-006
0.048433,9.0123e-005,2.9023e-006
0.05037,7.3959e-005,2.5398e-006
0.052385,6.7961e-005,2.3422e-006
0.05448,6.2436e-005,2.1701e-006
0.056659,5.3609e-005,2.1484e-006
0.058926,5.1819e-005,1.2518e-006
0.061283,4.7338e-005,1.1555e-006
0.063734,4.3445e-005,1.0542e-006
0.066283,4.3118e-005,1.0124e-006
0.068935,4.1029e-005,9.4897e-007
0.071692,3.806e-005,9.0516e-007
0.07456,3.6657e-005,8.8541e-007
0.077542,3.4455e-005,8.6683e-007
0.080644,3.2928e-005,1.0854e-006
0.083869,3.0671e-005,6.9694e-007
0.087224,3.0151e-005,6.7238e-007
0.090713,2.785e-005,6.2297e-007
0.094342,2.36e-005,5.54e-007
0.098115,2.1117e-005,5.0773e-007
0.10204,1.826e-005,4.4856e-007
0.10612,1.6482e-005,4.0976e-007
0.11037,1.3693e-005,3.5959e-007
0.11478,1.0869e-005,3.0786e-007
0.11937,8.8918e-006,2.6812e-007
0.12415,7.065e-006,2.3091e-007
0.12911,5.9905e-006,2.056e-007
0.13428,4.691e-006,1.7825e-007
0.13965,3.8609e-006,1.6175e-007
0.14523,2.6571e-006,1.2984e-007
0.15104,2.0875e-006,1.1209e-007
0.15709,1.4225e-006,9.2358e-008
0.16337,1.243e-006,8.8767e-008
0.1699,8.3181e-007,7.4418e-008
0.1767,5.3652e-007,6.2237e-008
0.18377,4.7723e-007,6.3638e-008
0.19112,2.7891e-007,5.1311e-008
0.19876,2.8492e-007,5.6818e-008
0.20671,3.7418e-007,6.8548e-008
0.21498,1.5241e-007,4.7135e-008
0.22358,2.3137e-007,6.1514e-008
0.23253,1.0077e-007,4.2469e-008
0.24183,1.6856e-007,5.6073e-008
0.2515,1.4263e-007,5.3787e-008
0.26156,1.9074e-007,6.5371e-008
0.27202,1.5797e-007,5.9516e-008
0.2829,1.4365e-007,5.903e-008
0.29422,2.7306e-007,8.3094e-008
0.30599,8.4711e-008,4.7046e-008
0.31823,2.0305e-007,7.5516e-008
0.33096,2.3579e-007,8.1015e-008
0.34419,9.6869e-008,5.1537e-008
0.35796,2.598e-007,8.6178e-008
0.37228,1.2914e-007,6.0687e-008
0.38717,2.0057e-007,7.4973e-008
0.40266,1.306e-007,6.138e-008
0.41877,1.8379e-007,7.2151e-008
0.43552,2.1829e-007,7.7255e-008
0.45294,8.6098e-008,4.8192e-008
0.47105,1.2704e-007,5.8294e-008
0.4899,1.2728e-007,5.7788e-008
0.50949,1.1807e-007,5.7453e-008
0.52987,2.4295e-007,8.0675e-008
0.55107,1.3548e-007,6.0566e-008
0.57311,8.7177e-008,4.9407e-008
0.59603,1.7176e-007,7.1381e-008
