SampleLogFunc,sub rough,Oxide thick,Sam tails thick,Sam tails hydration,Sam rough,cw thick,SAM head thick,SAM head hydration,Bilayer head thick,Bilayer rough,Bilayer tails thick,Bilayer tails hydr,Bilayer heads hydr,Oxide Hydration,Backs parameter 1,Backs parameter 2
-13.667291,.45090394,.15365227,.60100890,.35440829,.29958164,.34547320,.36554702,.95372953,.38304675,.24540533,.13590549,.15415967,.21413627E-01,.85336460,.43545507,.90260924
-13.745230,.44190081,.18876222,.57339993,.32935493,.28452192,.41643334,.40783410,.90837073,.35122879,.25280419,.15493239,.27490858,.78282697E-01,.75211410,.44234174,.79541464
-13.373430,.23119428,.23025340,.55305506,.32573170,.46626702E-01,.29367846,.49518726,.82387294,.38687073,.43420824,.23203405,.12881717,.60861403E-01,.56340666,.31427249,.30498846
-7.8902165,.22221662E-01,.21243439,.41498741,.30828698,.17848319,.48445012,.51307364,.47652853,.63193860E-01,.53276645,.49406195,.17170941E-01,.32027107,.46451444,.30041364,.48802047
-10.781666,.24537596,.21827384,.47161033,.32412272,.19679556,.50841467,.44943896,.92860614,.19715287,.40447580,.24646180,.13685441,.41571129E-01,.38008279,.69533566,.61934600
-9.5314299,.16785443,.23543954,.49632243,.39502606,.28820827,.49806756,.31997781,.53737324E-01,.23592922,.34124100,.57633750,.26088510,.34684169,.28997212,.27192063,.59341849
-8.2071567,.43380169,.26907976,.51593938,.38179555,.13220559E-01,.48142108,.21882895,.23431073,.42144540,.47182345,.26267932,.10226705,.19638022,.17608501,.26545285,.36280684
-7.4000481,.49787046,.21020492,.60494936,.45438581,.57891934E-01,.46052397,.17374734E-01,.12601280E-01,.24406305,.19667295,.71209457,.26662221,.93939797,.44182904,.19919782,.61305723
-8.7113880,.34211474,.17481864,.58321213,.36637965,.27429030,.41753371,.30086337,.46885743,.14380081,.39253368,.50849735,.15333210,.41818422,.33213280,.57536845,.71465187
-7.9306048,.57963816,.19337525,.49895739,.32620990,.28769993,.55893132,.80417889E-01,.14636981,.38927025,.43219493,.25432128,.98120277E-01,.35071977,.49353321,.31391232,.75971983
-7.4588919,.16716985,.25220112,.34285051,.70342325E-01,.43795790,.55196063,.33173422,.48975981,.34234908,.50606163,.33395387,.66006421E-01,.41960260,.48189656,.40289466,.17298719
-10.762618,.41459690,.29988167,.37913621,.21078912,.28119385,.56499532,.30324037,.78366335,.22298790,.49090752,.35782222,.11655231,.52009054,.41165924,.53911095,.31351116
-7.9670059,.34698120,.25884864,.38815002,.45080265E-01,.46479543,.73910447,.13497550,.52676825,.17444979,.58577409,.46432465,.58101256E-01,.28805402,.35166141,.50490599,.88844884
-8.9185560,.98242920,.24420859,.40651699,.16822979,.93498965E-01,.32272928,.12250140,.25224881,.54513337,.74032000E-01,.66940767,.31901232,.99405833,.55012763,.24421864,.94695242
-8.9787988,.24511590,.22916669,.47016651,.23783852,.15883771,.46802659,.20187008,.15526449,.76623574E-01,.39765334,.79271905,.23250913,.61289142,.43724027,.20245246,.48396380
-9.6386895,.54692458,.25963777,.30962266,.75900776E-01,.27011068,.39140629,.59236761,.69054926,.36310651,.24787790,.24393110,.17337901,.36777132,.50582424,.27521532,.31969288
-11.112758,.39924831,.25466857,.54196350,.37757459,.69157504E-01,.46628700,.21158682,.42984842,.41298323E-01,.12780639,.84463287,.39318941,.48313427,.26323918,.11106640,.60075927
-5.2315353,.20474280,.23217970,.63582760,.33880507,.14694467,.54934212,.85982511E-01,.92279242,.19795453,.55608596,.40211579,.11249629,.10268816,.34535440,.29199007,.51956307
-8.6030591,.32461749,.18395665,.49441024,.14653232,.33533879,.36872161,.36317015,.76372957,.49250165,.35935188,.26701111,.10579903,.31974023,.42190111,.38228715,.53114641
-9.3766154,.41821214,.15037627,.47440427,.36293489,.39872420E-01,.29401507,.57546553,.88954914,.94337429E-01,.33548947,.38873365,.12788628,.26393753,.23145285,.34797611,.73937120
-13.227385,.11478865,.31899501,.10606897,.93838847E-01,.77278263E-01,.20258592,.85357203,.11479931,.80760884,.20658277,.37432267,.25827103,.97830606,.35428239,.32609428,.58249070
-6.9722304,.38243905,.25784079,.47662181,.26132161,.32605467,.48973445,.31924415,.86054900,.22254380,.42505019,.48732206,.17489461,.51443557,.31742734,.64060925,.69066077
-8.0612840,.66304834,.34918724,.29107688,.11519375,.21785987,.51123243,.31200640,.36288915,.43496242,.31636321,.26530353,.19350828,.19499966,.24483916,.31896627,.71478014
-9.6137722,.77332043,.28806056,.21723972,.54965380E-02,.36241084,.36394024,.65878675,.65747706,.31758242E-01,.17620463,.73481987,.29847292,.34383020,.29406499,.40983587,.89120050
-8.1765025,.82064568,.27593620,.44807147,.23521661,.64753365E-01,.38100875,.25260510,.88567635,.44200407,.21959590,.28608093,.22543802,.19763418,.39555048,.18440054,.85971993
-8.9769843,.83785202,.21659331,.31726928,.56129556E-01,.18224524,.36215134,.29230315,.18754075,.69170695,.28355149,.32339837,.12105657,.59584191,.57029637,.42214202,.71100459
-7.7216770,.57211884,.28626386,.30662058,.10089018,.34060069,.55693576,.41439486,.51179572,.26257280,.30335220,.38834012,.24697765,.18939803,.53320131,.15701704,.36624479
-6.4570837,.46388678,.29780863,.33387957,.58206012E-01,.44585549,.53573190,.39173494E-01,.16304951,.60103070,.30696499,.49637756,.19693771,.75819526,.43231145,.42995280,.59338936
-9.3446234,.65774240,.23379950,.36950858,.20053781,.16764742,.27271726,.48530454,.82863024,.43062658,.30182020,.30110292,.71037829E-01,.80693958,.29934275,.47886050,.53215612
-8.8031834,.88020757,.23844085,.22854997,.17380035E-01,.14021858,.27632850,.80667211,.71717120,.27866358E-01,.30430465,.70110788,.25210048,.49782981,.66228736,.40488851,.41765329
-9.5322837,.39967735,.22838664,.41301309,.29443521,.28328291,.52952496,.30576691,.54677754,.22707491,.29567093,.49273501,.18684201,.49436750,.27718131,.40812778,.29011371
-9.4395622,.46346472,.18515094,.55360613,.33668495,.14716667,.46190260,.66295936E-01,.23738009,.37595216,.26370070,.46447143,.13646621,.79484277,.59072072,.45931438,.66414674
-8.1828970,.29677736,.24153012,.29059850,.16448515,.34476360,.32112628,.73920103,.58344552,.68097126E-01,.98809402E-01,.58356174,.26016868,.24844350,.23168522,.33687334,.46892313
-6.1709166,.81101652,.25142341,.43877877,.26123725,.19654673,.44005976,.15274886,.34950750,.31784227,.18846036,.50645259,.24852906,.71598210,.49887755,.21646218,.57370735
-11.368523,.17152260,.17990075,.39217549,.26724968,.20814624,.27086001,.81861248,.82808378,.22287704,.31142529E-01,.39059205,.31836747,.18385268,.35492366,.17046438,.70183504
-12.071898,.63954894,.28560453,.51697980,.10353804,.49706938,.62963044,.93281229E-01,.41959547,.25777217,.54908299,.45526616,.12017854,.39617703,.24228588,.54406916,.80038476
-9.8510698,.94907009,.27638372,.38259287,.49278852E-01,.40465673,.34183434,.52299840,.78320528,.55348777,.20873333,.91127901E-01,.11461185,.33555829,.51422995,.38865020,.76874565
-7.5215317,.46141938,.20829061,.48564306,.25530509,.32444291,.48956824,.40778692,.31187575,.27923885,.24731756,.36951646,.22774872,.15312504,.37677360,.35079207,.68111135
-4.5802726,.55767825,.24611153,.28621167,.99253646E-02,.46661613,.48219309,.47472421,.29969128,.78043686E-01,.18185941,.68879447,.26889213,.60751214,.45888054,.30650110,.60833910
-8.2141118,.68794632,.34793021,.27533516,.90921019E-01,.72848981E-01,.65999944,.21090472,.20872623,.22183111,.73090380,.51069741,.21617465E-01,.48847707,.25632591,.29287978,.37920162
-8.8435075,.39805115,.29442054,.52020522,.28016280,.33084563,.51123683,.59900730E-02,.21085410,.53297653,.46692518,.38426442,.15020873,.52679543,.28054966,.39031299,.40543234
-5.7309289,.35888467,.22246678,.33648841,.14219970E-01,.43607786,.40156912,.31230165,.56328328,.55341675,.27127458,.31868475,.11392692,.72137071,.53837650,.29037119,.53678416
-8.0688014,.70710387,.25158919,.50639846,.25152989,.28477654,.32899064,.27247385,.83287884,.48016026,.33212777,.31219769,.72151720E-01,.66098766,.51035073,.47608639,.77993863
-6.3502550,.60059737,.31102512,.37813198,.20145323,.29813194E-02,.58164977,.17934576,.15584133,.22131523,.53205627,.48495066,.11696353,.30407778,.23040562,.28749357,.65643690
-11.688266,.76847354,.26407875,.43837653,.30561628,.27054502,.66046462,.16912741,.21132328E-01,.37516312,.42684420,.69633590E-01,.52174172E-01,.13025108,.35983879,.53080525E-01,.66616881
-6.5491562,.64717421,.24941161,.47704116,.23276161,.12787678,.45710743,.22587589,.15991948,.25472151,.27289009,.58402939,.29310013,.47791195,.44037597,.31866288,.78865106
-6.8533499,.39547953,.29645595,.31280914,.99147442E-01,.29372370,.31494249,.32435207,.78590547,.82110629,.45085330,.33708421,.11656808,.85164437,.37988959,.27037701,.63597727
-8.6723661,.23420075,.28055397,.37530256,.17519060,.30811657,.33538248,.61993924,.78626484,.97518921E-01,.12944860,.64392838,.34061618,.56446163,.43779084,.26001395,.43020341
-11.242351,.82560479E-01,.20454093,.30501372,.15865671,.18428711,.40684930,.65053588,.73049486,.15757984,.35314081,.49915245,.11712222,.46435992,.23615712,.35560683,.11012686
-11.562990,.34941675,.27083859,.44696445,.12019859,.21210727,.63825059,.12650724,.39170577,.49876574,.67581106,.14465037,.39994495E-01,.54952027E-01,.33679990,.54066007,.72276873
-10.637829,.76379690,.28433268,.37659373,.23810712,.15985769,.65981973,.61019362E-01,.52652593,.39069741,.60684143,.20863957,.95204467E-02,.52929097,.25103266,.19582703,.79556131
-7.2585665,.35146841,.28310657,.35968018,.11135099,.38146090,.64922437,.75150679E-01,.29983995,.21924146,.39532278,.49419704,.20688622,.23517448,.42738346,.22820481,.59303273
-7.0812840,.20853239,.25869589,.23139002,.14108544,.16973966,.40258121,.64098569,.36529928,.21073771,.52221295,.58486913,.11485432,.88587467,.30646375,.36490152,.32416841
-13.331203,.46031377,.31099924,.38496986,.19043554,.24841250,.47529973,.32870646,.62847203,.10101713,.42620361,.94770167,.28597140,.99972976,.20151067,.95317623E-01,.31122833
-6.1084731,.60446382,.28372553,.42420838,.18172376,.23156465,.65709452,.16220805E-01,.37452017,.49404416,.47098391,.19676537,.74727009E-01,.30669970,.37125573,.47057602,.72022288
-8.0370433,.18294371,.20027278,.71910969,.45718489,.24389284,.44025999,.47569552E-01,.82934778E-01,.21051413E-01,.20660855,.79093834,.26753412,.98897957,.27425876,.22537538,.80883541
-11.388636,.73165919,.27477401,.61143760,.29515841,.22148502,.43860604,.38632236E-02,.63626662,.56534022,.54393686E-01,.15802700,.27339998,.76166955E-01,.21476032,.23459703,.63257401
-6.5362500,.68255756,.21439642,.32176271,.18371610E-01,.34753041,.26972658,.30452205,.52960611,.67650530,.16095440,.37721670,.17869142,.89292781,.50896351,.48011068,.51758952
-8.9975657,.73012299,.21561348,.15627723,.91248345E-01,.15531357,.23817129,.67033807,.18218717,.78060183,.13162208,.24276446,.16332915,.77728041,.42959663,.39086416,.51193833
-10.559652,.43043888E-01,.21763381,.47615685,.26908775,.57792302,.53948445,.21121542,.59331926,.34092761,.97492257E-01,.41211715,.28222262,.67808477,.41539902,.37023008,.76378564
-8.6765952,.70416709,.23469237,.37375708,.20860392E-01,.32375512,.35702463,.15156678,.87975274E-01,.74464396,.15296972,.46939642,.19562146,.90972743,.39924261,.34974795,.32973042
-5.3987396,.12031121,.25798292,.48144550,.18987981,.42724090,.57190481,.20327188,.59893473,.28030605,.43719395,.39777907,.11130518,.48261060,.38632865,.31858173,.72047553
-7.8437543,.75815755,.23243734,.34886438,.11435540,.65671454E-01,.55701327,.32309737,.62264027,.35008035,.52683515,.14307011,.54684096E-01,.14579041,.35018033,.17280976,.50700006
-6.5186119,.54367060,.23609947,.47154646,.29393198,.83557960E-01,.47946126,.37440021,.97031829E-01,.14605331,.37088610,.53622212,.16886019,.30029186,.41564426,.48426047,.65436715
-6.2710936,.42820642,.23584916,.40254931,.18705962,.35727233,.58164416,.17391401,.72270793,.18499318,.40925161,.48350430,.19304311,.45275169,.35295921,.19663906,.36466746
-6.2221535,.19773187,.18300271,.50067925,.27653566,.36744002,.43723633,.22737709,.98882702E-01,.35292060,.33013405,.53480973,.15852712,.82435312,.35826324,.28026978,.76008391
-9.3016438,.34514449,.21617461,.31974470,.10923875,.16869131,.41724922,.72459349,.44981109,.36263985,.49513609,.28383368,.90491043E-01,.10625539,.43835469,.24167333,.45697036
-6.2683350,.74517566,.25629323,.39429234,.58975711E-01,.26435983,.53702447,.32380404,.90451009,.19010013,.56599919,.33043474,.37957402E-01,.30265869E-01,.26331768,.23008788,.69207446
-10.410901,.44345842E-03,.14389518,.54680431,.38340939,.26424540,.30003959,.29417540,.58997698,.53153806,.26450945,.23160287,.15152391,.53469915,.32909933,.44040931,.68505244
-6.6800712,.48453990,.26730436,.36443710,.14246592,.30366636,.57942449,.31923076,.80482916,.15079480,.45157187,.49551375,.16946542,.30056561,.22568596,.30443615,.26303264
-6.0491990,.86322531,.25925315,.35107417,.60584313E-01,.20557443,.17797132,.68196293,.85791711,.28708682,.19874232,.63499003,.26271106,.86633349,.49639965,.35180201,.53286060
-8.9712126,.66239630E-01,.21975190,.31882046,.88618224E-01,.51999970,.40274688,.54578142,.63500068,.56088324,.36027241,.28249536,.50758800E-01,.70673090,.53070293,.37333687,.85908143
-8.7258717,.18702352,.18423736,.29829504,.89377636E-01,.32192575,.21876777,.65489458,.51837154,.36255031,.30273882,.57667346,.19770978,.96612892,.29896760,.24668030,.56993951
-13.147719,.89916297E-01,.29204648,.32623242,.21775657,.10681996,.34243712,.90154235,.81454688,.33681896,.41399312,.19076955,.15959162,.57633192E-01,.36294049,.60589927,.28162614E-01
-8.2889196,.65961512E-01,.23304331,.55740479,.30251162,.37058429,.52477816,.20414341E-01,.54559157,.33517589,.25609840,.47770287,.22439746,.67441708,.22029551,.10115250,.72509435
-6.0081691,.28857031,.26011524,.31281000,.28632354E-01,.51445237,.54170080,.56647246,.73264310,.23738839,.41360022,.32402970,.17434288,.10670432,.47849115,.52900807,.54901400
-6.9391395,.59572282,.31631874,.21365356,.75302175E-01,.90316913E-01,.20942104,.87359030,.59136052,.39201757,.14332152,.60968171,.30286341,.75062993,.26622646,.40095042,.52739189
-10.555198,.72754483,.23161035,.39547148,.21460887,.33348817,.44266721,.24535901,.15880513,.40204868,.17667750,.54605100,.27642054,.58928208,.57642074,.58546493,.87196909
-9.0969565,.77272691,.27727506,.40510757,.29421772,.16845224,.41981328,.16501296,.37656108E-01,.57926573,.10197638,.43695767,.31699723,.79526953,.36529167,.32194940,.36727321
-6.8401318,.90024047,.31186984,.28897641,.18151058E-01,.40034047,.49083799,.21833083,.31181589,.55732585,.40663994E-01,.36620384,.25189254,.47878522,.45310714,.39578178,.70879069
-9.9103506,.71307183,.29724687,.24201914,.70930761E-02,.28536769,.30743570,.61822907,.60265223,.29893426,.30521309,.46992951,.17918303,.42515904,.20492228,.56484964,.73756749
-8.4334626,.14766664,.20253599,.47829084,.28338290,.10851095,.33190517,.40116309,.47606900,.54371109,.17442123,.33119112,.17891449,.49367897,.29649382,.40703519,.28766137
-14.655314,.30826832,.31255204,.27724529,.91317328E-01,.10676333,.26407314,.73180694,.77549124,.66646747,.48299769,.24974638,.22077486E-01,.80639137,.34632725,.79270923,.54509138
-9.3458507,.68919063,.29254953,.34850666,.75674537E-01,.25323295,.20445352,.60501991,.63938795,.44395085,.32249564,.65001740,.19766708,.91596845,.49246054,.46280777,.33893615
-8.8084157,.88181873,.32314678,.14026034,.30092516E-01,.25966228E-01,.27042410,.81745428,.51098802,.47268447,.67870890E-02,.29509498,.22257163,.45984325,.41673221,.17126335,.65078240
-5.6366969,.68699957,.23462919,.44418386,.26788000,.26311533,.36824498,.49225821,.90251750,.13222009,.16513999,.49780827,.26552283,.30614266,.33064872,.26648805,.80688114
-9.6040104,.46997951,.16780438,.44347653,.30615089,.24934531,.64102767,.19748524,.20050085,.53352716E-01,.48990928,.43354084,.33744410E-01,.66633732,.32920416,.26367962,.61288163
-10.982060,.48559197,.29034210,.42340649,.25490904,.27389508,.39906130,.24917786,.79103990,.78042006,.13896384,.15826520,.21490922,.68438050,.19761868,.43231484,.60850854
-6.5599519,.71911336,.30301042,.43066282,.12634782,.21081257,.48978423,.15326596,.57990540,.42997619,.33991372,.42807999,.23519833,.49230658,.30022422,.41476534,.34361073
-8.1288126,.60117657,.25422466,.40826057,.29507944,.15666287,.36900190,.40063054,.32314825,.42175991,.25117241,.56439193,.22807883,.68105526,.35575479,.52481034,.33919632
-7.4472796,.32105843,.24899498,.28267148,.12693921E-01,.40360692,.38202939,.43015940,.84647651,.33516935,.23608044,.60916607,.24770514,.78875460,.32531033,.50915378,.64235823
-11.018343,.81849315,.35954820,.32572862,.12338946,.28882133,.50445186,.44853979,.77952366,.37152223E-01,.35855837,.66557928,.27026153,.60805001E-01,.21699537,.87008695E-01,.54389728
-10.507258,.80931342,.35068193,.42686994,.16664079,.19208691,.40289957,.15520445,.55040458,.60536843,.31780938,.24567408,.16301307,.61233149,.10482849,.34037544,.69574344
-13.331903,.57186425,.18154159,.49764529,.13818846,.29221817,.53626697,.13696376,.38326766,.33707215,.27188114,.29351100,.18230687,.36311514,.34092539,.85619128E-01,.65466834
-8.0205354,.65630405,.29550685,.45992315,.24896277,.22338343,.44362425,.10778689,.49031800,.47930085,.37388016,.44510329,.14046471,.91554647,.13097793,.46673479,.45186855
-7.8945331,.49931232,.23776231,.61532979,.31914846,.18514145,.37331659,.17527028E-02,.29305349,.37958865,.27522245,.57853045,.19550904,.80899494,.47176193,.38497201,.37113493
-6.3223717,.46019186,.18317651,.42166760,.16212760,.30686996,.50496537,.94387628E-01,.30097489,.27073556,.45329756,.57593170,.10387344,.83702044,.55495884,.30539078,.77782659
-10.288252,.27334160,.28231292,.39548972,.18122621,.26605689,.52319449,.40196124,.68205525,.33961826E-01,.62639452,.70667423,.10820445E-01,.83168084,.42887050,.38607537,.75504657
-6.8597807,.17959031,.24853003,.53594919,.33731302,.18665242,.54213746,.76859384E-01,.67565159,.23911065,.46402956,.56774369,.18475648,.68748514,.20653716,.24052787,.46120689
-9.7895758,.41281120,.23151809,.53225794,.25283327,.40409063,.53620152,.25774953E-02,.36857195,.18073868,.22147432,.63121633,.35324303,.56829677,.55503414,.23163081,.58508113
-7.8748133,.51053435,.27204691,.51291945,.35894398,.44252532E-01,.40057983,.31947572,.51976858,.37697134,.34426624,.53657717,.23413654,.69096193,.17749947,.53631924,.58803279
-7.0036597,.40431842,.24896686,.38583253,.13800642,.22082783,.28200467,.36623172,.83176966,.87009211,.48583272,.22047120,.35819276E-01,.79070657,.33958710,.33705273,.81396650
-8.6730949,.92563096E-02,.20803078,.47157835,.23950006,.19118203,.32267370,.47991205,.63705691,.18137487,.50394810,.64518457,.12861453,.65983148,.29295529,.20247339,.45105451
-10.379963,.54652841,.26769131,.20008470,.11504741,.16252347,.34020139,.68407763,.89595671E-02,.26320424,.15048511,.82712070,.25457378,.97253347,.32746451,.31528715,.44166447
-9.1774332,.45706365,.24139323,.55772816,.30358966,.16692322,.65254470,.74299156E-02,.29240092E-01,.42634517,.54104736,.28203014,.59891495E-01,.43126600,.45860144,.31077250,.19542208
-5.5545587,.51880749,.27833818,.26335472,.43433245E-01,.34672712,.48038025,.56005695,.64274570,.69383191E-01,.31980819,.63253781,.26390532,.48526618,.49156577,.37091554,.80972894
-5.6959008,.39017883,.19901982,.61154107,.33683949,.23934603,.28014325,.11006487,.56120698,.43361040,.25174824,.58426897,.18135737,.97572805,.28947156,.20903796,.58177143
-8.8917835,.39466065,.31332241,.26612446,.14538963,.17874267,.46701798,.56851297,.92619567,.27802120,.60154770,.45095678,.77023148E-01,.48774260,.19942611,.31533628,.60444805
-6.1712234,.46174499,.23597183,.35532098,.52844403E-01,.43567206,.56250106,.47212900,.64334322,.55042836E-01,.39603979,.41556308,.20337812,.17917034E-02,.40717727,.18663141,.76375963
-11.669879,.37130268,.31392175,.52410584,.33451055,.29588336,.40646741,.24825073,.87379324,.77945407E-01,.18545700,.69612382,.34037912,.39676753,.41572810,.24155724,.49490550
-8.4750950,.51037493,.23524359,.33705086,.18164279,.19547318,.51650489,.35664258,.28888105,.41365550,.53656401,.43108256,.11310837,.62620601,.29350286,.48237341,.85271928
-9.3890251,.14090757,.18895925,.25642534,.23194494,.29449335,.39380765,.62786453,.42773869E-01,.10691569,.12368608,.75728811,.22907462,.95085141,.46119904,.25246736,.35255660
